              precision    recall  f1-score   support

      Cridex     0.9988    0.9957    0.9973      1642
       Geodo     0.9260    0.6069    0.7332      1712
       Htbot     0.2294    0.9968    0.3730      1246
      Miuref     0.9979    0.9482    0.9724       984
       Neris     0.5980    0.2426    0.3451      3232
     Nsis-ay     0.7861    0.9992    0.8799      1214
       Shifu     0.9489    0.9953    0.9715      1920
       Tinba     0.9884    0.9994    0.9939      1700
       Virut     0.5588    0.2084    0.3036      3555
        Zeus     0.9166    0.9936    0.9536      2191

    accuracy                         0.6895     19396
   macro avg     0.7949    0.7986    0.7524     19396
weighted avg     0.7670    0.6895    0.6817     19396
