              precision    recall  f1-score   support

      Cridex     0.9933    1.0000    0.9967      1642
       Geodo     0.9952    0.6069    0.7540      1712
       Htbot     0.2395    0.9904    0.3857      1246
      Miuref     1.0000    0.9482    0.9734       984
       Neris     0.6028    0.2305    0.3335      3232
     Nsis-ay     0.5247    0.9992    0.6880      1214
       Shifu     0.9846    0.9969    0.9907      1920
       Tinba     0.9895    0.9994    0.9944      1700
       Virut     0.6618    0.1145    0.1952      3555
        Zeus     0.7832    0.9973    0.8773      2191

    accuracy                         0.6708     19396
   macro avg     0.7775    0.7883    0.7189     19396
weighted avg     0.7653    0.6708    0.6438     19396
