              precision    recall  f1-score   support

      Cridex     0.9994    0.9957    0.9976      1642
       Geodo     1.0000    0.6104    0.7581      1712
       Htbot     0.2231    0.9912    0.3642      1246
      Miuref     0.9989    0.9482    0.9729       984
       Neris     0.6590    0.1962    0.3023      3232
     Nsis-ay     0.5186    1.0000    0.6830      1214
       Shifu     0.9856    0.9964    0.9909      1920
       Tinba     0.9872    1.0000    0.9936      1700
       Virut     0.6767    0.1902    0.2969      3555
        Zeus     0.9583    0.9973    0.9774      2191

    accuracy                         0.6790     19396
   macro avg     0.8007    0.7925    0.7337     19396
weighted avg     0.7965    0.6790    0.6672     19396
